152
39
50
70
217
142
68
23
63
33
14
65
54
279
128
14
229
76
169
44
103
95
40
186
229
37
34
62
129
28
134
105
58
101
159
66
122
217
17
143
118
88
99
45
78
58
119
113
27
26
57
90
61
108
41
87
274
67
82
206
101
85
128
98
82
116
25
92
22
103
199
58
79
170
39
23
91
44
98
132
19
117
34
88
63
96
11
38
38
84
59
115
61
185
177
89
59
33
48
64
141
27
37
187
26
54
17
72
42
46
65
81
138
68
58
114
107
199
109
220
45
70
71
111
131
43
155
100
210
262
40
181
54
131
37
19
30
39
90
63
63
104
67
489
108
71
96
179
164
93
129
127
153
78
100
234
43
42
25
35
40
91
105
79
87
40
132
90
42
77
228
192
42
62
79
83
81
69
88
104
28
52
48
92
76
93
110
30
42
90
38
73
121
191
144
95
140
79
104
46
66
104
146
131
67
81
112
150
48
309
60
52
28
58
33
264
98
68
217
140
33
33
33
54
91
46
27
34
44
34
124
86
34
235
59
55
185
90
43
250
57
57
81
64
70
33
228
200
69
54
75
35
119
139
31
55
174
63
29
138
135
90
88
148
152
52
58
21
21
14
105
36
74
79
89
96
90
176
110
167
77
158
39
48
129
39
210
20
117
91
140
57
93
179
133
259
84
69
17
226
55
58
129
15
48
185
98
57
95
210
142
141
209
37
108
137
92
39
36
97
98
189
71
115
7
83
91
170
50
54
187
99
88
41
34
166
117
136
170
129
27
195
63
32
48
67
103
147
44
72
78
90
96
55
261
46
78
92
108
67
70
96
96
227
60
20
52
67
88
129
88
76
30
208
70
59
98
43
52
134
30
101
82
115
283
60
90
51
49
69
43
104
76
129
132
24
210
110
74
28
176
125
265
95
213
85
219
54
154
141
152
61
497
117
127
380
32
65
212
122
85
152
60
140
122
162
88
59
35
17
128
74
41
35
270
43
58
56
197
125
45
182
22
161
48
181
82
84
25
117
66
35
59
56
134
156
49
43
53
140
263
95
33
36
54
58
52
77
38
81
66
88
131
195
117
57
54
56
67
54
31
101
70
63
62
80
69
87
81
56
64
62
34
114
146
245
40
61
101
33
255
99
121
104
62
199
80
59
280
190
103
68
78
45
160
61
47
90
67
154
32
54
166
91
208
157
64
37
64
106
41
48
118
80
148
233
62
114
112
253
148
167
62
126
115
80
15
52
20
96
142
75
110
108
43
45
38
70
36
37
28
25
25
94
146
104
80
67
168
42
55
118
41
41
105
103
176
72
45
43
107
35
15
272
51
211
60
155
45
79
77
99
38
24
195
44
30
204
130
15
48
78
17
133
52
79
30
28
15
75
50
41
38
34
46
64
113
117
136
89
46
53
66
71
25
51
43
76
78
107
99
51
100
115
80
100
116
27
15
26
193
133
15
43
36
42
69
48
103
218
39
42
14
67
79
66
40
21
119
28
43
21
61
25
43
61
72
28
54
123
51
182
85
149
29
35
142
67
38
47
36
65
114
51
24
76
36
7
66
89
92
102
191
104
128
31
19
30
49
115
98
19
208
94
38
38
140
106
23
62
42
85
55
38
46
78
29
75
42
43
78
54
38
120
58
20
38
31
138
44
165
158
150
100
66
93
60
112
59
55
34
123
291
38
56
45
43
63
68
48
91
63
56
87
2
84
63
69
62
90
102
64
43
25
20
158
54
32
223
47
28
91
36
88
72
38
207
52
159
82
58
37
32
88
21
46
35
49
201
123
92
64
41
116
164
111
44
105
55
51
83
96
54
92
94
120
66
60
31
21
64
37
157
228
107
56
66
141
65
91
38
74
104
36
196
51
96
82
42
60
30
169
128
61
52
140
198
27
38
44
28
63
70
196
36
115
21
38
133
29
16
151
85
63
43
32
71
66
107
63
49
141
44
71
36
85
91
87
16
114
49
18
64
86
76
134
16
160
78
86
102
137
15
27
34
47
70
16
198
38
189
24
99
90
42
60
62
92
92
32
197
201
43
41
109
201
16
43
33
49
52
121
33
70
54
20
144
92
107
58
33
77
104
82
35
127
113
45
117
42
87
62
63
210
31
38
39
43
115
115
33
77
29
38
36
27
52
21
246
137
35
139
20
27
115
45
49
157
54
54
62
197
30
99
43
88
62
38
19
136
151
77
52
73
51
31
46
48
53
47
43
24
134
31
155
188
143
199
143
32
156
58
136
49
30
74
63
43
18
62
60
24
223
74
70
23
69
73
30
22
50
96
81
25
77
178
111
134
95
113
60
48
196
15
30
69
36
33
43
49
24
127
60
34
30
73
121
30
42
71
75
18
38
178
36
16
15
79
165
131
29
105
23
33
213
79
79
63
140
62
49
46
48
126
68
85
180
42
38
67
149
110
97
38
113
127
51
113
116
139
61
63
97
85
70
147
38
105
27
46
35
26
17
84
66
21
64
43
120
47
78
53
66
134
70
95
37
60
54
49
62
14
41
121
44
43
46
55
59
28
170
17
17
168
47
27
79
48
103
26
26
182
55
53
310
7
53
30
54
36
62
63
140
87
115
143
71
132
121
91
59
54
100
38
15
110
23
77
34
51
53
79
41
67
44
145
3
140
218
48
26
93
208
68
29
176
19
18
35
95
25
32
111
115
43
124
42
38
82
40
52
39
50
15
45
32
192
121
79
71
54
60
55
103
71
82
64
200
90
82
103
48
79
75
103
50
54
42
50
28
54
17
98
36
131
90
73
157
28
126
172
115
42
138
71
48
24
53
17
54
18
17
76
61
82
32
140
51
22
207
103
38
90
34
63
105
49
88
62
90
42
96
41
71
60
46
44
139
63
52
124
53
158
91
125
25
80
53
38
29
16
198
71
103
20
158
60
85
51
129
28
55
46
128
72
16
62
41
66
82
22
78
71
88
77
80
94
38
60
126
24
132
65
146
199
106
57
38
57
63
29
53
100
46
96
42
109
14
81
156
457
17
60
61
57
69
195
35
70
302
55
37
49
33
45
113
79
28
17
93
42
74
77
42
133
87
75
198
76
41
43
55
73
57
14
22
33
48
33
124
61
128
52
17
31
212
58
5
25
77
106
69
49
74
34
85
19
37
66
192
69
54
86
50
187
31
32
41
69
18
46
218
54
169
143
85
64
34
27
93
126
82
111
69
78
16
95
36
169
32
103
99
31
88
114
40
122
27
47
84
28
89
34
63
47
91
57
103
66
83
68
178
55
73
67
76
35
73
83
126
30
98
30
38
28
83
95
107
34
84
87
27
188
89
38
53
26
51
58
82
42
77
128
138
56
199
78
90
206
17
41
81
121
69
177
21
40
36
100
49
27
38
46
16
83
64
17
35
78
66
87
36
41
143
40
42
38
74
46
191
86
31
27
38
51
18
67
42
34
33
91
68
57
68
43
182
61
50
73
42
46
109
34
41
82
177
34
51
91
62
74
22
5
29
37
43
118
19
105
97
146
193
17
151
110
88
54
54
47
196
40
43
15
77
51
33
25
93
43
65
45
120
78
51
21
97
82
44
100
56
63
185
79
62
131
54
32
64
115
30
96
65
201
197
42
65
33
42
66
15
40
25
122
34
36
68
48
76
113
32
72
32
29
167
67
70
78
86
140
93
122
39
233
172
158
51
140
77
147
63
44
60
38
55
43
125
187
55
36
131
215
53
46
181
227
59
89
68
124
88
76
79
82
80
129
45
61
62
72
71
54
38
20
33
91
79
35
17
64
52
62
95
111
38
192
302
54
62
21
49
103
27
51
43
60
93
27
31
60
101
69
112
44
37
97
18
32
59
35
21
34
16
61
104
153
64
27
50
48
52
108
158
145
34
77
83
73
37
126
50
64
83
110
29
144
103
108
140
228
31
82
82
174
31
166
194
97
91
79
68
202
51
23
39
98
73
78
61
46
65
35
122
54
169
74
74
46
71
48
96
58
32
39
73
60
47
116
48
48
103
96
43
51
87
81
39
156
51
73
156
243
69
25
93
36
145
132
167
62
35
16
209
52
299
138
92
36
44
62
74
65
100
113
27
78
66
53
69
98
38
205
68
70
63
14
93
56
103
23
72
29
113
191
42
52
16
40
36
60
95
114
97
181
39
91
24
56
89
62
54
68
55
63
53
46
84
88
152
93
13
33
82
81
30
33
140
88
72
47
28
56
29
92
58
91
141
16
37
47
89
12
51
88
91
91
31
116
95
48
209
41
121
45
39
19
35
97
53
54
60
153
191
47
38
107
122
51
93
51
36
46
167
4
15
25
54
91
78
15
28
122
100
36
37
8
94
60
44
142
23
102
186
54
198
33
72
52
92
54
62
38
75
140
158
80
34
51
41
24
143
85
32
45
78
88
19
131
51
46
56
172
39
48
111
28
40
43
94
85
47
31
20
97
75
27
44
69
75
61
37
217
56
15
91
47
82
168
196
38
89
126
242
38
57
47
73
87
365
48
29
141
165
75
49
73
199
62
45
20
45
94
93
54
53
57
55
206
56
57
48
16
103
266
120
80
28
36
136
41
16
93
53
78
49
51
137
33
24
85
55
118
72
30
179
37
31
110
43
54
102
27
50
20
67
56
121
158
38
98
84
22
68
203
53
120
111
111
48
38
116
27
125
214
70
84
80
25
68
33
59
55
72
39
51
53
92
34
77
43
120
158
65
22
205
93
48
85
38
43
26
27
37
204
37
41
27
214
79
30
103
41
58
103
50
83
38
29
34
42
21
103
58
36
27
93
83
52
72
28
85
42
174
45
104
54
3
15
48
65
41
78
148
112
30
200
138
25
116
88
68
32
51
40
260
131
33
31
35
38
82
15
53
54
22
55
37
91
24
32
58
119
82
103
234
304
142
182
17
54
40
23
54
142
62
107
115
172
59
68
118
142
26
131
39
108
28
80
98
227
56
48
127
52
55
53
35
34
90
85
66
20
86
39
45
42
62
169
91
90
40
56
33
65
44
32
69
70
60
95
46
191
34
100
57
130
72
159
98
25
48
83
94
68
228
25
118
45
18
202
31
25
128
22
65
143
47
43
36
206
133
25
192
105
27
126
44
86
72
175
36
50
32
23
56
70
43
83
129
69
43
18
21
25
86
103
188
78
42
28
124
63
123
102
41
50
27
60
124
30
52
22
77
132
59
176
24
38
30
161
208
49
89
16
106
126
130
28
59
64
26
151
27
55
104
27
30
52
36
132
71
4
23
158
22
74
42
82
69
170
47
69
21
67
79
50
37
92
62
22
45
73
82
51
43
63
52
120
134
114
69
90
67
75
98
51
67
76
166
91
162
64
97
17
48
33
107
99
49
37
39
126
17
32
71
63
73
139
77
51
20
36
37
93
67
109
59
147
135
80
350
44
70
166
108
69
55
74
16
35
38
49
44
30
15
179
104
38
38
23
56
25
45
32
93
118
49
58
37
96
165
58
34
66
76
103
22
123
22
57
172
117
48
91
59
128
32
45
20
103
99
59
23
27
53
89
39
44
87
48
77
175
48
92
158
30
25
111
77
110
25
201
209
56
113
73
211
82
35
98
67
17
126
59
39
108
18
76
30
31
171
50
63
63
90
62
85
53
36
96
36
56
139
108
102
46
54
32
74
421
71
97
60
77
96
130
56
33
26
199
115
41
73
29
36
111
83
71
124
60
76
214
63
30
193
38
63
26
86
65
34
48
29
98
84
151
82
180
50
21
72
37
25
15
49
15
36
17
41
62
84
79
40
143
217
47
98
85
236
120
94
22
81
44
100
99
82
48
35
43
123
45
43
398
31
52
145
56
128
59
40
39
204
58
71
82
46
95
82
33
71
166
69
26
33
331
82
49
44
32
105
165
112
68
83
25
168
113
55
74
77
43
142
47
92
44
9
188
47
57
86
98
81
35
228
122
72
90
104
41
112
21
120
43
22
102
153
18
22
107
49
27
44
56
85
96
57
35
26
112
37
25
48
65
76
36
113
63
128
89
92
64
15
179
197
22
43
103
109
140
42
104
63
93
99
57
107
158
17
112
60
48
60
48
19
17
166
79
59
93
87
82
105
19
82
161
85
48
208
26
47
63
47
44
57
89
93
200
158
54
54
71
82
74
172
51
64
121
30
214
58
67
82
58
47
101
32
15
78
35
107
50
46
62
48
83
281
43
169
67
104
112
48
160
117
39
30
102
46
18
65
147
96
21
172
34
158
125
131
43
28
76
213
27
19
71
17
32
90
38
168
65
28
228
217
77
52
62
158
58
103
72
64
27
56
32
48
47
41
18
61
121
374
76
102
152
134
30
34
78
77
92
90
90
131
76
18
143
130
132
55
17
195
52
46
22
77
28
73
41
97
31
127
22
73
29
88
96
76
141
31
92
80
34
38
43
27
79
208
92
95
51
24
45
41
31
39
39
138
37
175
66
107
120
31
56
173
63
74
140
77
50
91
150
54
132
112
6
52
15
45
152
58
56
59
62
216
31
115
35
108
51
47
102
95
25
58
13
34
35
63
56
55
35
36
40
56
38
203
103
56
129
42
95
131
196
82
75
51
39
26
21
138
78
216
87
214
110
74
98
35
69
69
22
31
48
50
109
63
80
60
84
28
94
38
89
96
68
35
125
90
107
77
15
71
67
49
33
32
43
35
49
163
115
43
74
91
110
115
16
38
27
192
105
64
56
84
28
90
37
17
57
39
23
199
18
106
31
131
43
58
38
97
106
134
133
108
88
77
104
18
19
45
34
147
92
45
71
17
155
77
50
61
60
71
39
32
140
137
82
40
127
39
89
81
117
84
26
46
16
42
175
60
49
34
198
226
24
39
137
115
140
78
81
78
83
43
39
76
172
91
44
80
85
112
82
61
61
38
47
197
171
52
47
80
18
32
33
137
40
33
43
145
15
40
105
31
18
193
122
65
34
221
77
79
104
66
47
61
111
50
112
93
83
75
143
18
16
50
59
24
36
40
54
15
192
45
42
206
67
148
24
36
38
91
32
105
38
179
16
49
44
53
34
103
82
53
28
46
97
43
59
55
80
131
39
81
48
25
129
46
82
108
172
38
36
33
34
102
54
38
152
80
36
43
31
48
106
142
90
30
78
178
168
28
25
457
5
70
45
47
46
75
52
137
41
18
65
57
88
32
36
97
39
96
60
79
57
55
59
69
45
129
34
64
78
25
98
20
38
62
24
71
35
40
139
85
53
43
23
93
109
78
85
54
46
105
57
173
142
84
17
97
86
25
118
87
31
65
105
208
54
48
51
52
110
58
29
68
40
62
100
31
85
34
37
74
193
38
100
28
172
175
85
131
103
107
64
42
71
69
47
57
31
160
42
28
20
140
33
48
87
196
138
89
181
65
52
33
50
206
55
31
100
36
84
39
119
36
176
195
22
44
169
29
120
63
29
49
47
55
38
61
18
140
98
106
137
46
48
135
18
77
64
21
116
126
48
130
116
171
33
48
29
149
79
50
28
38
40
37
120
32
59
66
74
56
158
29
43
145
71
46
75
62
105
126
23
50
71
24
65
206
44
82
38
141
90
132
30
177
90
54
196
49
216
29
93
66
21
50
49
43
85
180
20
22
158
63
199
31
46
93
127
68
16
64
64
176
79
103
65
179
77
104
62
25
135
151
37
88
103
54
100
157
70
40
26
24
76
91
70
53
76
38
73
52
50
72
46
41
98
140
37
60
64
93
49
51
28
152
149
85
69
85
59
41
48
56
17
78
82
60
90
26
95
37
33
15
93
73
29
17
37
82
40
100
41
43
51
100
75
59
84
140
79
89
116
134
38
84
41
156
26
14
138
11
31
51
17
47
26
63
82
39
71
37
76
66
70
85
23
40
160
36
15
31
13
54
179
42
115
39
47
33
91
19
97
91
63
109
15
19
122
100
57
31
59
77
77
43
21
107
60
17
63
16
64
215
140
43
106
71
96
43
89
60
90
122
140
39
40
69
126
160
43
88
22
81
27
42
39
44
19
85
43
30
35
177
47
57
16
69
27
33
38
68
210
59
117
106
70
33
22
93
113
33
60
39
116
82
54
84
93
54
47
71
68
25
76
15
34
98
208
42
110
65
54
137
92
77
107
108
142
92
113
130
22
24
38
108
73
90
134
113
197
200
32
207
200
54
68
63
36
24
179
54
88
10
118
39
44
111
36
91
146
92
135
43
64
60
45
99
27
72
76
41
51
39
36
112
44
62
88
34
56
30
49
147
52
96
44
48
28
15
41
57
36
109
67
56
38
53
139
111
25
51
48
117
60
22
51
149
53
79
41
51
128
90
44
68
151
44
16
59
22
119
145
42
75
68
69
63
90
54
73
26
30
91
123
111
83
48
25
82
39
85
121
50
91
48
18
43
100
113
75
66
51
16
51
82
60
69
42
40
68
57
29
74
36
56
108
103
17
103
42
53
86
139
82
60
158
147
72
77
113
30
115
78
21
181
41
34
43
54
34
37
103
29
64
63
54
140
89
98
36
30
51
93
41
40
127
51
82
67
90
65
140
261
30
64
39
44
38
61
35
46
34
75
38
42
225
147
48
166
52
198
48
39
56
60
41
31
64
43
405
46
153
43
91
43
70
16
31
96
67
82
38
112
69
169
41
78
48
33
66
24
66
55
134
29
52
156
68
65
13
21
2
59
111
65
39
32
95
63
24
36
80
55
72
125
40
18
22
47
181
46
51
29
71
89
37
48
46
23
43
19
35
200
157
210
27
8
46
47
144
35
16
41
67
97
106
54
173
66
102
55
209
91
22
111
19
36
46
59
91
25
21
48
16
107
102
80
75
23
398
45
65
16
23
74
32
40
39
125
150
48
27
124
53
45
109
31
25
31
68
109
27
42
87
182
113
134
82
158
50
54
102
144
60
38
41
45
80
38
212
30
59
209
114
29
29
164
79
67
51
109
57
89
22
49
68
22
55
79
18
83
209
176
64
21
129
90
114
97
33
34
64
53
96
159
29
19
51
100
91
75
80
53
30
45
31
68
85
109
23
18
89
68
204
77
51
33
76
114
77
63
94
39
105
88
32
116
30
79
112
153
33
85
37
65
188
83
38
92
39
96
90
187
38
84
44
46
87
62
108
42
63
141
36
42
82
79
85
76
55
15
57
21
29
48
42
51
158
61
120
86
32
25
79
17
181
32
53
85
59
103
33
66
91
156
77
62
25
104
60
48
26
97
17
38
40
46
24
69
52
15
27
73
105
48
93
25
46
165
29
75
111
37
39
96
169
178
33
37
53
66
49
15
45
104
35
15
44
71
175
111
87
64
11
46
25
74
142
181
72
77
57
80
57
21
38
124
12
80
38
31
112
78
50
71
198
69
52
48
62
45
19
23
25
177
196
67
69
16
48
196
36
53
27
43
43
16
228
70
64
43
54
161
78
77
26
63
61
67
35
108
79
35
97
53
19
35
456
57
38
55
51
88
157
45
115
79
39
41
69
35
34
79
95
90
32
75
7
74
31
17
16
99
114
33
19
141
21
64
60
62
50
152
128
143
70
82
38
56
69
171
89
31
35
59
76
38
50
54
45
77
93
20
15
146
14
74
283
37
48
47
38
39
93
66
24
60
167
31
52
38
196
111
42
200
30
16
28
131
51
28
70
239
74
30
83
72
140
45
16
63
39
38
35
33
111
61
58
185
82
27
52
44
46
64
112
208
57
55
34
206
68
141
84
28
54
45
37
47
131
80
37
77
123
2
149
18
32
63
59
123
28
142
34
76
20
42
21
124
138
53
74
83
46
62
193
61
101
103
99
43
62
49
41
102
115
90
63
79
30
83
69
140
104
74
16
47
39
93
32
246
97
38
95
97
111
18
158
44
130
51
80
55
25
23
64
79
121
48
48
119
92
24
130
23
75
75
113
135
39
17
90
49
68
198
141
76
39
27
51
106
142
66
26
21
43
30
78
216
30
112
145
155
93
210
192
172
67
34
89
109
51
29
49
64
32
128
33
122
28
39
70
57
52
43
77
152
86
82
64
75
43
15
103
16
39
48
91
49
45
65
66
33
50
50
81
114
11
53
67
44
24
22
44
47
71
114
208
44
4
34
457
129
82
27
176
92
78
45
51
39
141
99
52
69
46
29
89
68
131
52
106
85
57
83
94
23
91
90
48
50
140
14
41
117
35
28
66
64
88
98
104
30
15
140
208
87
21
24
103
61
21
130
129
23
93
88
58
39
69
41
68
27
25
82
48
48
78
30
36
127
120
59
126
51
115
11
78
208
56
58
53
100
121
96
85
50
91
29
21
96
160
22
48
194
59
137
48
23
88
86
40
61
91
72
80
56
53
82
47
56
158
121
105
51
21
50
16
44
139
189
55
38
44
85
119
25
39
47
93
49
174
72
181
97
42
86
106
171
23
110
57
49
93
60
71
103
51
37
77
15
27
69
172
111
79
24
143
108
180
21
48
41
43
38
51
129
74
223
156
74
191
113
53
171
102
77
56
15
97
88
43
49
114
136
26
78
38
142
151
27
41
45
85
18
48
88
38
46
25
91
85
69
42
123
44
141
85
82
91
26
66
76
120
40
57
32
27
52
27
54
28
98
78
236
79
59
199
87
38
41
49
39
51
38
83
96
68
62
4
45
60
31
23
30
84
39
16
74
37
88
150
62
37
45
86
21
184
153
17
23
179
69
96
53
35
62
34
38
34
58
47
64
48
47
142
76
169
31
44
46
68
141
53
34
150
86
77
102
18
47
51
82
38
98
50
67
23
57
80
50
73
45
36
48
78
43
199
263
87
14
111
181
23
10
83
63
85
52
15
17
69
28
41
24
74
87
31
35
123
74
67
57
124
45
106
113
54
51
113
104
29
43
48
206
176
80
97
112
74
44
134
81
62
248
42
120
52
114
75
120
123
40
16
45
287
127
93
197
115
53
73
55
70
79
79
46
43
113
132
31
52
20
35
47
22
18
68
62
8
19
55
56
68
17
39
159
23
19
97
22
117
75
54
29
57
178
109
20
57
16
34
29
112
80
64
54
32
46
22
69
82
70
27
40
54
37
103
24
66
54
108
54
71
26
44
113
25
49
91
16
93
114
173
67
57
55
68
69
23
66
63
37
42
161
100
172
39
62
50
19
89
159
51
25
129
55
127
63
66
15
47
48
35
104
184
85
28
74
25
154
38
55
110
70
30
43
31
141
103
143
76
62
25
48
122
58
44
152
77
115
37
116
101
40
68
44
35
17
82
65
31
42
35
31
57
105
117
55
113
120
55
105
210
62
158
147
55
102
45
26
92
64
49
31
63
88
87
79
82
61
35
69
129
76
21
47
102
60
49
31
87
34
47
84
67
67
82
22
128
116
196
80
75
31
64
19
77
64
43
105
259
28
89
51
55
116
67
68
179
31
56
32
51
106
58
62
64
213
99
44
74
91
28
29
115
38
22
61
78
149
38
49
152
82
86
64
46
27
93
49
82
83
197
179
38
29
30
158
223
53
74
115
54
15
47
37
82
64
123
42
35
53
47
43
45
60
114
157
53
98
36
32
83
32
37
23
58
83
67
89
113
46
31
63
28
64
315
19
47
28
31
106
87
198
62
219
54
106
53
66
87
61
197
90
77
209
27
62
91
110
38
141
61
58
27
54
62
26
25
43
121
63
38
88
43
80
57
71
51
95
26
60
82
52
60
27
67
136
151
15
51
56
51
23
54
23
93
146
17
38
178
52
56
43
47
62
160
65
20
38
77
81
38
45
28
102
25
49
82
31
74
38
119
53
64
38
34
67
148
79
53
60
173
39
119
29
3
82
96
93
65
151
48
42
129
66
47
135
113
22
21
90
90
81
49
101
37
16
76
58
82
38
41
109
31
48
103
33
97
18
38
210
71
64
119
149
51
24
55
115
23
81
72
82
52
68
83
88
97
31
78
40
133
97
48
117
171
115
31
32
44
29
62
75
111
48
97
178
86
121
82
105
66
140
38
31
80
95
39
51
42
173
41
14
34
47
52
59
86
56
55
100
81
142
57
15
90
49
46
70
101
115
33
179
72
54
118
44
147
77
204
36
140
25
51
157
62
111
19
178
60
38
51
219
42
63
51
15
69
85
18
24
35
25
77
91
134
228
79
31
63
49
95
55
31
15
19
192
55
82
353
105
39
48
65
133
52
64
59
43
38
72
59
139
34
42
112
135
61
31
228
22
83
70
98
106
66
91
77
21
47
121
99
51
121
64
219
72
72
123
16
52
381
63
44
198
239
70
102
76
121
59
46
36
71
85
42
63
93
24
11
37
63
71
50
15
66
59
37
32
38
35
109
200
198
89
25
60
73
109
90
62
26
102
19
40
97
58
122
48
26
24
185
17
11
125
213
29
72
102
43
71
58
39
69
38
49
76
73
54
41
199
51
48
75
97
31
97
71
133
20
121
43
43
57
78
77
59
87
213
143
49
51
18
40
67
32
121
33
122
65
30
72
6
173
108
49
77
20
78
98
63
153
39
32
53
44
80
64
51
57
64
11
181
128
38
36
98
79
54
60
18
82
82
74
38
37
109
89
72
104
27
47
208
157
182
39
18
40
50
41
51
34
47
57
22
87
60
44
54
101
48
61
196
133
17
73
184
71
43
47
64
187
139
70
46
151
72
24
15
79
36
49
29
105
91
38
44
41
84
49
36
121
35
19
63
118
22
30
49
39
45
40
80
37
129
79
67
64
54
32
93
97
145
193
94
131
48
91
68
36
57
51
237
59
34
102
85
47
93
63
45
75
107
175
33
72
182
25
33
89
61
53
77
136
105
21
64
65
82
43
59
43
43
288
88
67
37
63
139
85
82
87
40
60
45
46
57
47
20
38
55
105
47
59
35
46
72
110
28
126
82
152
81
38
158
44
41
45
40
33
49
79
111
67
56
61
101
95
199
71
45
84
43
114
80
28
48
123
140
52
89
73
93
111
197
51
51
113
104
124
85
96
96
50
33
74
22
16
64
35
62
30
62
57
42
67
93
39
79
43
21
32
62
64
158
142
52
109
6
115
134
192
80
38
140
64
51
101
45
29
35
42
30
74
31
49
49
41
58
129
34
167
74
30
51
37
50
38
91
56
32
38
36
17
77
31
145
115
25
65
66
22
91
127
144
16
58
20
62
138
65
93
60
22
196
140
38
52
94
84
48
24
44
23
111
100
115
107
17
67
349
93
50
87
116
52
20
58
39
56
46
90
38
63
76
23
180
49
130
49
49
41
56
34
65
73
50
146
56
27
48
56
181
35
80
62
143
62
172
58
38
82
60
61
25
71
81
228
124
15
38
75
83
69
34
20
103
40
206
62
57
51
60
108
21
120
73
171
19
22
28
31
46
64
66
82
120
20
135
37
38
47
181
57
36
78
61
61
287
108
82
103
74
24
23
62
50
91
97
45
76
141
72
26
136
69
105
111
78
46
128
29
127
38
77
33
48
82
82
90
44
40
117
35
228
95
43
106
39
53
130
77
124
28
16
48
23
87
37
47
53
56
14
97
72
51
79
129
167
35
112
27
6
91
19
66
200
93
32
113
28
151
39
88
73
103
148
76
76
50
50
32
69
36
69
26
43
68
104
118
28
27
144
44
35
71
78
71
53
44
91
121
63
112
71
56
152
54
59
41
67
48
36
87
91
134
51
191
29
63
76
113
26
90
43
20
122
97
56
44
38
55
53
111
69
141
22
8
61
80
60
64
57
24
16
69
79
25
43
49
45
54
29
66
22
126
48
93
47
65
28
26
43
81
48
74
77
45
168
95
89
77
43
35
34
56
85
65
33
168
70
93
25
148
18
50
72
160
51
52
114
63
133
40
92
52
56
76
47
37
19
23
123
74
94
79
228
73
70
16
67
204
40
63
23
208
120
15
22
139
152
201
284
65
75
66
80
231
103
71
62
55
109
25
25
66
66
51
79
56
45
44
66
72
54
66
21
18
178
30
73
194
28
183
27
68
85
108
88
38
68
125
66
118
75
40
61
32
62
18
54
46
80
38
18
93
90
73
193
45
99
65
51
83
29
43
84
55
107
38
61
45
25
18
65
11
191
64
91
100
38
18
17
116
43
164
85
98
23
42
200
18
33
66
45
30
48
17
78
84
15
29
31
15
182
45
14
22
16
129
40
102
61
15
67
54
52
83
128
22
178
64
46
50
69
52
42
22
38
51
29
139
41
81
32
53
82
33
70
84
134
51
42
66
210
27
36
82
92
54
53
159
67
74
70
138
27
51
44
36
16
81
47
67
66
72
45
77
66
23
70
178
120
131
34
139
60
52
43
121
72
23
41
14
23
38
95
28
61
42
60
28
18
36
87
161
36
133
141
50
81
55
133
85
78
65
38
72
64
47
34
89
21
21
48
43
77
115
29
145
20
49
99
44
32
75
52
151
77
57
41
40
82
74
18
42
80
21
48
110
78
76
104
29
68
69
68
79
65
55
71
78
21
78
98
72
16
24
73
24
30
54
50
84
71
155
151
77
43
39
43
45
93
30
86
67
72
82
76
468
32
121
52
88
60
148
27
36
47
75
6
80
82
51
29
54
42
75
23
38
15
47
15
26
22
105
29
60
39
47
39
52
45
85
142
38
72
105
43
201
71
118
46
32
179
42
60
36
55
73
50
141
76
39
115
193
52
110
29
26
128
16
50
210
85
82
34
181
213
22
36
63
164
41
93
32
24
90
93
24
27
70
77
48
83
78
25
216
44
23
56
70
126
54
107
27
90
74
24
72
23
38
66
22
85
70
23
129
18
63
94
33
22
58
168
192
46
73
76
15
30
88
39
60
16
68
43
149
120
19
55
45
54
63
58
91
154
52
73
41
199
60
54
33
71
205
61
54
38
48
83
35
49
32
92
37
41
102
61
20
90
198
55
158
18
51
36
69
73
52
53
12
64
76
69
132
31
85
48
84
40
23
45
79
16
108
117
18
38
71
83
31
17
119
77
44
241
24
149
51
102
76
4
16
72
109
183
67
33
96
106
101
20
30
79
23
87
92
93
47
69
17
17
109
139
25
52
83
158
29
44
61
54
62
199
47
57
56
211
77
49
42
116
18
53
37
190
41
30
98
71
50
43
75
80
41
47
51
39
59
193
101
69
93
115
42
45
260
119
178
212
82
21
73
72
66
42
81
24
104
50
112
170
66
68
40
497
131
96
193
112
52
40
22
108
62
147
58
2
43
74
38
100
95
39
194
191
31
234
82
58
64
49
38
61
91
132
74
39
77
148
38
98
39
150
47
131
91
463
102
65
79
25
253
95
71
113
30
65
52
50
71
74
13
192
98
46
70
45
104
106
50
102
51
72
42
31
142
25
163
47
98
79
35
207
67
158
93
52
17
47
68
131
35
15
62
89
88
74
61
108
85
124
41
69
93
126
208
48
38
29
34
68
66
54
56
75
113
25
28
40
77
56
17
30
18
49
66
130
30
67
82
129
71
75
56
29
58
34
83
15
95
66
50
94
38
31
42
45
41
20
43
35
62
186
40
25
94
175
79
115
54
25
23
69
26
38
82
41
71
96
27
44
59
53
58
52
64
33
97
117
44
80
89
75
71
35
326
77
74
87
144
43
70
59
70
140
255
76
43
46
51
63
44
68
19
186
46
69
84
140
118
142
33
92
106
51
72
58
40
208
38
34
73
72
15
82
128
33
46
19
70
20
18
167
76
57
45
158
72
98
158
187
154
17
51
102
51
36
67
57
100
88
44
62
24
29
100
60
158
35
81
81
32
109
42
105
140
47
81
133
151
48
109
76
41
35
18
64
138
44
41
124
109
67
53
110
69
88
58
64
15
52
22
152
37
114
84
38
36
91
31
112
27
72
159
37
165
70
220
25
105
133
141
58
27
180
54
50
135
62
185
67
152
104
44
71
36
47
105
62
54
131
56
50
65
41
69
64
42
20
32
63
208
38
29
54
46
102
20
109
59
101
59
30
19
30
79
52
208
201
57
36
35
32
59
82
101
134
17
125
46
220
62
42
46
51
47
143
55
65
72
19
99
105
83
49
25
38
17
113
45
54
107
80
35
48
111
141
41
29
163
55
11
146
54
27
96
32
51
81
145
48
54
97
55
91
70
60
62
111
55
113
93
82
38
170
112
54
48
160
16
115
27
249
15
82
133
54
8
23
236
52
142
88
31
95
102
128
78
32
152
81
37
107
129
26
179
51
91
37
77
24
73
54
46
43
147
68
131
15
77
77
181
179
38
46
339
129
54
56
97
54
160
135
109
34
36
115
116
57
18
60
56
60
47
140
32
70
51
71
67
91
85
42
16
107
51
20
42
35
93
284
104
18
219
141
84
14
51
257
63
110
63
48
70
72
70
47
44
22
47
25
98
73
31
93
40
72
79
130
77
80
41
64
68
140
54
205
45
182
81
63
48
67
121
15
77
39
54
30
41
56
17
27
55
52
90
134
121
91
51
152
241
133
103
88
255
63
158
35
376
37
51
90
17
117
32
58
41
22
54
78
88
126
129
79
62
31
102
111
31
60
92
158
58
21
457
38
60
54
51
64
38
72
111
88
91
43
22
365
62
49
50
20
89
164
135
18
18
75
50
106
23
47
128
40
49
79
39
70
130
53
192
40
59
142
34
186
148
120
56
39
32
24
19
92
51
15
96
43
92
38
79
41
167
32
136
146
40
18
73
60
22
137
46
80
123
34
162
97
34
47
208
100
49
165
37
34
48
49
95
100
74
193
43
140
197
263
20
113
103
94
58
105
38
30
150
131
53
145
54
118
134
91
62
111
213
115
39
34
74
213
34
106
72
120
97
82
97
50
111
103
62
50
209
220
56
17
169
30
16
38
52
92
40
138
93
25
79
47
51
27
89
315
84
85
32
142
109
38
33
101
19
37
55
82
110
54
37
51
21
77
84
103
60
38
215
26
67
32
85
92
40
165
159
109
39
34
55
91
277
51
212
110
32
43
78
31
60
95
170
69
57
121
62
64
40
43
32
56
82
37
132
53
79
96
84
139
84
30
77
22
59
24
91
23
495
217
51
160
54
87
69
2
52
93
109
193
89
497
23
133
117
38
67
105
56
261
147
105
41
224
197
44
457
109
99
45
92
13
287
108
160
40
68
97
19
129
131
32
143
54
23
154
111
58
14
268
57
81
214
151
64
85
191
69
77
85
47
25
198
45
55
66
81
55
103
55
41
118
67
95
176
118
189
110
84
25
86
24
36
38
62
280
47
58
74
188
52
15
49
61
60
212
187
46
186
46
50
47
177
90
40
48
82
41
184
123
75
69
89
45
55
74
134
208
66
22
57
107
102
41
67
159
45
55
73
144
35
79
107
121
65
123
22
31
35
85
37
75
63
375
92
65
149
44
31
55
69
54
152
57
53
29
63
126
17
27
96
53
31
22
119
228
214
41
167
64
23
103
147
27
48
119
41
72
179
117
118
218
29
121
106
44
134
28
25
72
84
36
89
64
95
61
32
66
23
88
89
20
25
94
125
48
128
60
190
93
26
54
15
20
32
41
45
48
112
14
41
37
32
60
81
61
59
147
93
94
26
21
130
82
152
23
283
41
111
42
92
65
26
77
37
114
77
311
16
16
105
104
54
65
28
36
139
100
29
77
142
98
68
49
66
179
39
22
140
36
32
125
33
62
141
115
41
106
61
41
94
47
113
43
39
43
104
56
16
31
49
65
122
10
72
102
30
86
122
31
50
22
107
151
21
102
41
17
17
93
52
89
37
70
63
131
137
191
39
42
36
44
86
63
353
30
66
93
61
36
83
116
112
91
276
112
51
164
103
57
20
40
55
30
18
84
264
45
130
90
149
64
16
98
84
30
68
22
311
103
61
223
57
34
15
24
45
117
46
71
115
58
254
114
60
27
69
90
106
46
73
37
53
131
179
67
18
67
179
67
64
82
156
41
25
226
106
30
79
127
35
50
64
176
62
215
103
74
35
197
213
67
80
67
50
109
49
43
113
82
28
69
91
210
74
99
32
55
81
65
39
28
25
19
36
202
98
86
75
44
64
43
121
35
56
194
33
23
6
93
39
102
51
41
64
61
176
64
49
165
153
118
72
225
98
91
76
106
60
77
39
16
39
136
40
15
38
80
22
39
84
125
56
49
136
28
78
91
23
27
110
87
205
30
77
15
54
64
102
50
63
58
31
91
51
93
132
52
80
19
28
90
315
136
238
55
134
81
71
35
71
34
137
134
38
95
6
102
95
32
71
203
77
54
117
21
27
194
267
26
80
19
43
19
67
155
227
52
30
93
30
108
19
80
74
115
211
76
64
56
95
58
89
142
17
50
127
15
101
67
84
37
119
152
208
72
45
77
82
71
174
64
223
35
36
38
102
230
31
62
84
141
168
26
121
110
23
141
72
106
135
75
73
25
148
79
74
134
60
69
63
74
24
93
34
374
58
23
27
96
74
79
77
23
112
38
130
120
36
158
194
47
69
43
64
55
128
59
200
57
166
109
62
84
114
117
169
120
67
83
36
34
48
47
29
63
48
37
43
41
32
47
43
144
48
36
138
115
42
165
56
53
95
38
156
36
206
71
42
35
15
56
211
69
52
55
103
15
24
52
136
78
89
98
18
56
254
159
111
35
58
97
150
72
66
100
143
62
492
42
16
195
31
55
32
158
28
102
22
136
38
95
20
31
114
43
90
22
31
157
62
214
197
55
76
43
35
67
57
27
20
147
16
88
44
152
19
134
44
73
22
215
145
59
218
130
30
63
43
85
95
42
23
61
29
15
67
17
24
93
78
17
146
62
206
89
82
119
65
61
92
32
108
21
155
147
104
33
145
4
57
100
89
194
32
98
150
82
64
49
59
55
75
54
44
77
23
34
75
58
34
61
76
34
129
102
176
72
33
31
98
14
85
62
89
33
84
109
15
52
206
27
143
48
69
75
52
46
208
158
67
38
89
180
104
38
40
64
40
127
64
181
38
31
23
43
154
49
60
96
55
19
40
107
36
52
67
97
152
28
199
105
60
52
69
51
43
52
38
228
67
48
30
25
56
181
26
65
105
37
159
44
33
5
86
120
114
15
32
155
128
28
37
48
51
22
24
83
27
125
54
54
91
52
72
36
174
47
12
157
95
83
139
63
113
72
60
202
42
98
108
38
47
110
18
67
26
33
133
200
48
145
72
206
142
209
12
19
92
150
19
97
190
74
51
113
99
154
84
35
42
285
40
75
44
46
160
21
31
90
54
101
98
69
26
15
105
12
121
162
102
76
30
108
122
86
28
75
109
9
33
76
48
86
118
39
21
124
116
52
35
68
62
13
113
95
370
146
34
33
27
24
171
84
82
79
47
36
22
43
85
155
44
18
54
98
153
46
79
95
58
19
35
26
41
68
254
66
53
69
80
29
82
201
66
110
17
83
51
66
52
55
142
164
57
82
194
74
17
212
30
47
28
44
239
39
76
98
53
131
51
18
70
25
153
76
137
16
127
72
47
34
95
88
103
57
69
10
41
98
34
29
34
148
37
28
230
28
80
72
20
16
171
57
52
96
32
149
72
123
76
128
145
127
31
67
76
43
156
32
149
62
27
35
82
19
28
80
34
75
94
147
74
159
52
194
187
50
114
119
94
54
119
81
61
50
192
42
256
34
97
62
129
57
158
54
210
51
76
129
25
37
91
208
47
212
261
85
15
65
120
43
51
105
66
67
21
133
25
59
67
103
96
265
90
71
144
70
79
85
175
88
23
91
131
21
96
36
88
151
125
42
60
54
43
78
21
55
208
22
82
82
121
205
32
93
76
167
47
24
70
36
27
73
98
208
56
85
35
137
210
179
31
66
137
47
31
73
50
28
44
15
53
78
213
60
30
64
61
34
64
74
105
135
82
217
82
82
52
158
87
102
55
34
115
107
175
50
16
30
72
69
37
52
121
210
34
107
62
72
90
164
89
74
56
132
73
60
40
22
52
139
84
147
84
152
48
179
39
43
17
59
125
154
82
38
83
62
22
48
196
108
59
45
141
47
36
84
45
115
24
36
96
78
95
105
46
98
66
68
55
86
145
107
103
84
47
38
110
43
34
88
158
38
31
73
25
51
44
56
137
44
126
42
79
114
17
82
62
40
21
188
20
50
24
40
80
205
45
81
46
52
77
102
75
46
64
76
25
112
127
22
52
75
64
47
39
169
42
141
51
134
73
34
22
36
31
34
183
67
21
46
55
89
34
52
208
210
33
74
18
90
34
44
112
55
85
39
104
79
41
23
65
112
60
63
25
35
20
111
88
15
39
56
57
65
205
146
52
30
15
52
75
90
196
45
206
33
51
26
207
169
139
46
46
90
50
106
67
39
56
3
50
86
143
28
47
116
248
20
71
146
91
60
38
22
204
58
176
25
90
58
64
42
22
53
47
177
41
40
49
76
43
54
63
30
46
102
65
42
210
51
185
44
146
39
79
20
87
127
140
70
48
76
77
23
88
171
62
30
107
49
101
35
38
54
23
188
64
79
41
156
47
109
213
61
17
66
11
38
209
104
137
207
90
57
38
95
180
321
85
35
117
67
56
29
32
70
29
150
69
118
102
129
33
74
61
31
46
113
53
107
72
18
46
101
31
75
40
41
87
44
184
189
79
83
91
27
52
208
76
151
77
104
38
18
63
116
126
49
19
93
48
76
40
62
69
18
175
176
122
30
54
89
35
52
33
68
70
91
69
76
38
122
80
173
126
49
63
49
52
52
81
89
161
65
52
40
55
53
90
73
165
62
38
404
20
202
164
26
60
51
41
54
38
107
88
80
14
50
167
157
158
36
76
53
96
71
65
49
142
43
54
70
42
84
59
118
62
25
194
125
31
135
136
90
9
43
160
20
42
47
38
254
21
140
121
258
35
21
24
112
49
96
156
139
49
145
74
48
20
58
208
48
41
42
172
91
32
39
55
79
116
54
66
60
314
118
92
30
37
103
133
35
370
34
71
64
23
500
74
48
76
28
68
41
68
179
39
16
30
79
123
223
47
44
34
117
60
90
87
26
52
43
52
44
46
53
180
80
43
49
56
39
60
97
90
126
120
59
113
98
56
50
120
92
59
106
30
186
19
20
40
22
70
90
66
156
112
57
73
108
69
52
49
121
55
125
89
19
117
178
16
24
29
63
19
74
38
26
51
213
158
52
22
44
107
33
46
33
69
77
4
39
67
50
83
74
48
74
119
75
58
50
84
36
35
112
77
93
67
73
74
152
35
31
22
38
272
32
43
186
69
91
155
69
16
30
88
214
55
66
70
89
69
210
34
32
27
84
194
90
76
137
65
32
64
68
81
54
35
91
55
142
66
51
69
16
39
120
102
208
190
280
43
80
115
47
72
73
83
83
342
125
15
64
31
49
61
110
109
56
16
87
114
56
219
31
84
45
112
70
111
36
20
37
82
121
81
376
32
208
90
34
111
181
32
94
61
21
27
41
30
40
76
92
100
186
39
83
104
34
100
247
78
14
66
86
222
61
52
52
77
53
90
54
182
69
207
62
207
49
140
50
132
141
66
129
108
103
79
72
47
38
64
70
21
51
101
27
160
58
158
102
95
53
110
284
64
43
149
120
78
184
49
91
35
41
96
34
98
145
54
99
99
81
210
52
66
121
54
40
173
22
38
33
44
211
95
27
87
87
213
82
149
55
74
33
39
75
52
80
158
27
68
59
137
89
83
53
27
198
31
62
44
59
38
59
119
30
71
51
22
81
114
13
44
245
147
206
36
46
37
55
53
57
72
82
54
200
79
48
35
131
80
33
40
150
277
92
54
275
28
73
70
60
54
54
206
51
89
195
45
25
102
129
130
49
182
90
63
127
111
95
25
147
178
71
131
159
173
47
126
167
117
29
94
96
64
141
18
226
70
40
67
36
41
159
76
34
35
43
98
28
52
80
36
106
50
287
112
22
115
66
75
15
43
55
221
26
108
134
79
167
245
57
99
25
154
45
48
66
68
25
127
24
14
205
52
60
300
63
94
35
66
24
24
140
50
20
142
44
116
88
34
72
9
68
230
249
62
86
40
37
53
75
81
33
40
15
35
45
54
64
72
43
124
45
13
51
51
53
132
122
42
45
112
123
125
72
67
16
218
144
30
89
71
28
70
81
24
65
137
55
120
44
38
36
98
142
29
80
35
22
95
160
32
39
49
96
63
61
111
77
88
71
44
87
181
33
58
32
56
94
54
85
178
65
112
49
30
70
31
17
86
58
158
80
64
130
45
82
120
78
22
63
78
89
72
179
53
33
32
64
42
180
37
77
79
130
32
41
116
113
153
34
58
120
76
121
94
58
41
59
47
70
193
104
78
41
88
80
208
101
86
30
87
51
37
34
135
61
75
201
69
101
124
72
100
52
62
97
59
31
65
90
31
34
48
114
102
133
93
87
93
43
20
45
62
112
15
47
44
31
59
60
54
53
104
33
53
112
34
44
87
42
44
88
50
166
31
200
97
61
17
144
84
20
88
73
113
82
200
136
46
78
21
40
41
95
59
27
101
43
83
77
90
25
30
108
77
49
76
75
69
91
84
42
14
24
33
113
111
145
100
108
52
88
71
53
48
128
110
45
292
89
97
94
48
72
114
48
78
90
30
31
51
29
55
215
59
136
54
19
276
68
97
242
18
75
86
127
128
83
42
63
60
42
69
61
134
78
72
78
82
130
127
28
31
114
54
249
107
151
78
192
20
211
48
24
4
107
65
43
177
87
197
39
43
102
90
38
59
70
122
177
16
123
71
16
58
74
35
27
4
30
111
146
49
75
159
16
191
50
131
53
47
58
252
121
209
186
68
47
77
206
145
22
72
47
103
95
245
75
37
113
28
79
48
91
121
159
85
62
48
67
124
44
34
105
93
47
27
66
86
50
15
48
51
100
26
18
66
216
45
115
126
190
140
89
38
75
80
141
51
205
85
450
55
110
40
39
